0.464711 53
0.464582 53
0.464427 53
0.464288 53
0.464165 53
0.464031 53
0.463913 53
0.463799 53
0.463677 53
0.463537 53
0.463447 52
0.4633 52
0.463185 52
0.463037 52
0.462885 52
0.462766 52
0.462766 51
0.462618 51
0.462504 51
0.462504 50
0.462394 50
0.462285 50
0.462148 50
0.462008 50
0.461903 50
0.461811 49
0.46173 48
0.461588 48
0.461588 47
0.461437 47
0.461314 47
0.461179 47
0.461082 47
0.46096 47
0.460888 46
0.460747 46
0.460603 46
0.460532 45
0.460385 45
0.460302 44
0.460158 44
0.460025 44
0.459891 44
0.459766 44
0.459678 43
0.459575 43
0.459453 43
0.459364 42
0.459222 42
0.459073 42
0.458956 42
0.458905 41
0.458883 40
0.458883 39
0.458766 39
0.458623 39
0.458529 38
0.458427 38
0.458304 38
0.458172 38
0.458055 38
0.457958 38
0.457817 38
0.457813 37
0.457692 37
0.457554 37
0.457475 36
0.457333 36
0.457207 36
0.457089 36
0.456973 36
0.456854 36
0.456766 35
0.456659 35
0.456512 35
0.456512 34
0.456402 34
0.456255 34
0.456125 34
0.456004 34
0.455891 34
0.455758 34
0.455664 33
0.455521 33
0.455383 33
0.455244 33
0.455096 33
0.455096 32
0.454959 32
0.454838 32
0.454705 32
0.454564 32
0.454455 32
0.45431 32
0.45421 32
0.45412 31
0.454001 31
0.454001 30
0.453853 30
0.453725 30
0.453622 30
0.453622 29
0.453478 29
0.453342 29
0.453197 29
0.453197 28
0.453078 28
0.452887 27
0.452745 27
0.452525 27
0.452395 27
0.452288 27
0.452174 27
0.452044 27
0.452044 26
0.451945 26
0.451803 26
0.451687 26
0.451575 26
0.45148 25
0.45148 24
0.451355 24
0.451223 24
0.451104 24
0.450963 24
0.450819 24
0.450687 24
0.450595 23
0.450595 22
0.450462 22
0.450339 22
0.450243 21
0.450107 21
0.450107 20
0.449997 20
0.449847 20
0.449847 19
0.449745 19
0.449643 19
0.449532 19
0.449459 18
0.44937 17
0.449243 17
0.449113 17
0.449005 17
0.448875 17
0.448727 17
0.448587 17
0.448452 17
0.448312 17
0.448158 17
0.448057 17
0.447952 17
0.44786 16
0.447727 16
0.447571 16
0.447447 16
0.447305 16
0.447147 16
0.447033 16
0.446922 16
0.446823 16
0.446736 15
0.446612 15
0.4466 14
0.446466 14
0.446322 14
0.446212 14
0.44606 14
0.445942 14
0.445819 14
0.44574 13
0.445606 13
0.445472 13
0.445354 13
0.44522 13
0.445089 13
0.44495 13
0.444809 13
0.444719 12
0.444613 12
0.444458 12
0.44434 12
0.444233 12
0.444089 12
0.443945 12
0.44382 12
0.443676 12
0.443562 12
0.44345 12
0.443317 12
0.443191 12
0.443077 12
0.442935 12
0.442783 12
0.442675 12
0.442534 12
0.442387 12
0.442291 11
0.442176 11
0.442027 11
0.441894 11
0.441769 11
0.441626 11
0.44148 11
0.441348 11
0.441348 10
0.44123 10
0.44123 9
0.441121 9
0.440997 9
0.440886 9
0.440761 9
0.440689 8
0.440597 7
0.440471 7
0.440319 7
0.440204 7
0.440065 7
0.439924 7
0.439793 7
0.439651 7
0.439529 7
0.43941 7
0.439265 7
0.439119 7
0.438991 7
0.438843 7
0.438787 6
0.438666 6
0.438542 6
0.438405 6
0.438257 6
0.438118 6
0.437979 6
0.437874 6
0.437723 6
0.437583 6
0.437472 6
0.437338 6
0.437199 6
0.437058 6
0.436911 6
0.436781 6
0.436658 6
0.436544 6
0.436418 6
0.436293 6
0.436172 6
0.436029 6
0.435904 6
0.435803 6
0.435679 6
0.435526 6
0.435382 6
0.435233 6
0.435089 6
0.434958 6
0.434855 6
0.434706 6
0.434571 6
0.434433 6
0.43431 6
0.434186 6
0.434037 6
0.433903 6
0.433775 6
0.433628 6
0.433482 6
0.433331 6
0.433188 6
0.433033 6
0.43289 6
0.432771 6
0.432662 6
0.432529 6
0.4324 6
0.432256 6
0.432148 6
0.432011 6
0.431888 6
0.431748 6
0.431616 6
0.431471 6
0.431314 6
0.431214 6
0.431107 6
0.430971 6
0.430827 6
0.430721 6
0.430667 5
0.430528 5
0.43038 5
0.430245 5
0.429987 5
0.429844 5
0.429692 5
0.429585 5
0.429431 5
0.429293 5
0.429196 5
0.429079 5
0.42895 5
0.428824 5
0.428691 5
0.428535 5
0.428386 5
0.428233 5
0.428105 5
0.427964 5
0.427863 5
0.427753 5
0.427606 5
0.427487 5
0.427368 5
0.427245 5
0.427133 5
0.426992 5
0.426844 5
0.426716 5
0.426592 5
0.426448 5
0.426303 5
0.426168 5
0.426051 5
0.425924 5
0.425783 5
0.425685 5
0.425547 5
0.425389 5
0.425252 5
0.425092 5
0.424935 5
0.424793 5
0.424702 4
0.424559 4
0.424422 4
0.424274 4
0.424134 4
0.424009 4
0.423898 4
0.423768 4
0.423615 4
0.423473 4
0.423347 4
0.423219 4
0.423107 4
0.422961 4
0.422847 4
0.422725 4
0.422576 4
0.422457 4
0.422321 4
0.422191 4
0.422067 4
0.421935 4
0.421789 4
0.42166 4
0.421533 4
0.421533 3
0.421417 3
0.421286 3
0.421145 3
0.421038 3
0.420895 3
0.420747 3
0.420641 3
0.420502 3
0.42035 3
0.420222 3
0.42008 3
0.419939 3
0.419801 3
0.419664 3
0.419534 3
0.419394 3
0.419285 3
0.419146 3
0.419023 3
0.41888 3
0.418736 3
0.418591 3
0.418442 3
0.41829 3
0.418144 3
0.418016 3
0.417864 3
0.41774 3
0.417596 3
0.417465 3
0.417326 3
0.417196 3
0.41709 3
0.416963 3
0.416813 3
0.416676 3
0.416565 3
0.416448 3
0.41635 3
0.416198 3
0.41608 3
0.415953 3
0.415802 3
0.415679 3
0.415529 3
0.415377 3
0.415238 3
0.415088 3
0.414966 3
0.414859 3
0.414717 3
0.414575 3
0.414439 3
0.414318 3
0.414169 3
0.414033 3
0.413917 3
0.413791 3
0.413645 3
0.413527 3
0.413394 3
0.413259 3
0.413259 2
0.413118 2
0.412998 2
0.412861 2
0.412709 2
0.412587 2
0.412433 2
0.412331 2
0.412205 2
0.412069 2
0.411941 2
0.411811 2
0.411701 2
0.411569 2
0.411464 2
0.411335 2
0.411215 2
0.411075 2
0.410942 2
0.410826 2
0.410708 2
0.410568 2
0.410433 2
0.410314 2
0.410194 2
0.410063 2
0.409919 2
0.409783 2
0.409634 2
0.409528 2
0.409377 2
0.409251 2
0.409108 2
0.408964 2
0.408817 2
0.408691 2
0.408561 2
0.408418 2
0.408297 2
0.408155 2
0.408032 2
0.407942 1
0.407829 1
0.407669 1
0.407537 1
0.407391 1
0.407241 1
0.407097 1
0.406987 1
0.406866 1
0.406732 1
0.406585 1
0.406452 1
0.406304 1
0.406156 1
0.406034 1
0.405891 1
0.405765 1
0.405621 1
0.405488 1
0.405339 1
0.405215 1
0.405087 1
0.404958 1
0.40481 1
0.404666 1
0.404515 1
0.404381 1
0.404239 1
0.404111 1
0.403959 1
0.403813 1
0.403664 1
0.403542 1
0.403408 1
0.403309 1
0.40307 1
0.402944 1
0.402793 1
0.402642 1
0.402488 1
0.402368 1
0.402246 1
0.4021 1
0.401823 1
0.401676 1
0.401552 1
0.401402 1
0.401265 1
0.401144 1
0.401002 1
0.400861 1
0.400739 1
0.400595 1
0.400455 1
0.400325 1
0.400204 1
0.400078 1
0.399965 1
0.399867 1
0.399724 1
0.399588 1
0.399467 1
0.399345 1
0.399221 1
0.399085 1
0.398928 1
0.398792 1
0.398632 1
0.398486 1
0.398204 1
0.398081 1
0.397944 1
0.397815 1
0.397676 1
0.397538 1
0.397416 1
0.397265 1
0.397119 1
0.396992 1
0.396736 1
0.396625 1
0.396479 1
0.396346 1
0.396213 1
0.396097 1
0.395951 1
0.395824 1
0.395689 1
0.395568 1
0.395448 1
0.395305 1
0.395183 1
0.395052 1
0.394909 1
0.394781 1
0.394671 1
0.394522 1
0.394385 1
0.39424 1
0.394134 1
0.394006 1
0.393884 1
0.393756 1
0.393639 1
0.393498 1
0.393392 1
0.393248 1
0.393112 1
0.392979 1
0.392856 1
0.392712 1
0.392588 1
0.392471 1
0.39232 1
0.392191 1
0.392052 1
0.391898 1
0.391769 1
0.391632 1
0.391489 1
0.391347 1
0.391201 1
0.391074 1
0.390946 1
0.390788 1
0.390657 1
0.39052 1
0.390381 1
0.390241 1
0.390105 1
0.389951 1
0.38982 1
0.389685 1
0.38954 1
0.389407 1
0.389253 1
0.389108 1
0.388951 1
0.388813 1
0.388671 1
0.388523 1
0.388381 1
0.388248 1
0.38811 1
0.387965 1
0.387827 1
0.387674 1
0.387392 1
0.387245 1
0.387102 1
0.386988 1
0.38684 1
0.38671 1
0.386564 1
0.386435 1
0.386289 1
0.38616 1
0.386025 1
0.385756 1
0.385605 1
0.385454 1
0.385351 1
0.385213 1
0.385106 1
0.38496 1
0.384818 1
0.384713 1
0.38457 1
0.384412 1
0.384273 1
0.384134 1
0.384 1
0.383862 1
0.383731 1
0.383595 1
0.383455 1
0.383316 1
0.383214 1
0.38309 1
0.382962 1
0.382829 1
0.382698 1
0.382595 1
0.382458 1
0.382335 1
0.3822 1
0.382087 1
0.381954 1
0.381805 1
0.381658 1
0.38151 1
0.381372 1
0.381218 1
0.381068 1
0.380933 1
0.38081 1
0.380671 1
0.38054 1
0.380386 1
0.380252 1
0.380108 1
0.379955 1
0.379813 1
0.379698 1
0.379559 1
0.379343 1
0.379204 1
0.379065 1
0.378938 1
0.378807 1
0.378671 1
0.378582 0
0.378443 0
0.378324 0
0.378187 0
0.378075 0
0.377946 0
0.377661 0
0.377522 0
0.377392 0
0.377259 0
0.377119 0
0.376977 0
0.376858 0
0.376712 0
0.376592 0
0.376465 0
0.376345 0
0.376213 0
0.376068 0
0.375921 0
0.375801 0
0.375652 0
0.375521 0
0.375365 0
0.375234 0
0.375115 0
0.374963 0
0.374832 0
0.374706 0
0.374556 0
0.374428 0
0.374286 0
0.374135 0
0.373996 0
0.373856 0
0.373712 0
0.373576 0
0.373441 0
0.373308 0
0.37316 0
0.373034 0
0.372769 0
0.372636 0
0.372506 0
0.372384 0
0.372247 0
0.372131 0
0.372007 0
0.37188 0
0.371749 0
0.371602 0
0.371491 0
0.371342 0
0.371209 0
0.370946 0
0.370802 0
0.370668 0
0.370528 0
0.370381 0
0.370244 0
0.370115 0
0.369977 0
0.369842 0
0.369706 0
0.369573 0
0.369429 0
0.369311 0
0.369176 0
0.369048 0
0.368908 0
0.368754 0
0.368603 0
0.368474 0
0.368336 0
0.368189 0
0.368048 0
0.367911 0
0.367763 0
0.367628 0
0.367495 0
0.367349 0
0.367235 0
0.367091 0
0.366968 0
0.366716 0
0.366584 0
0.366437 0
0.366312 0
0.366184 0
0.366039 0
0.365898 0
0.365757 0
0.365633 0
0.3655 0
0.365372 0
0.36522 0
0.365084 0
0.364802 0
0.364664 0
0.36452 0
0.364382 0
0.364248 0
0.364113 0
0.363963 0
0.363799 0
0.36366 0
0.363526 0
0.363398 0
0.363255 0
0.363109 0
0.362977 0
0.362843 0
0.362692 0
0.362555 0
0.362418 0
0.362293 0
0.362193 0
0.362051 0
0.361903 0
0.361755 0
0.361606 0
0.361469 0
0.361313 0
0.361161 0
0.361005 0
0.360875 0
0.360728 0
0.360465 0
0.360314 0
0.360162 0
0.36002 0
0.3599 0
0.359765 0
0.35961 0
0.359479 0
0.359346 0
0.359208 0
0.359053 0
0.35891 0
0.358625 0
0.358503 0
0.358356 0
0.358204 0
0.358058 0
0.357919 0
0.357801 0
0.357661 0
0.357516 0
0.357376 0
0.357242 0
0.357121 0
0.356981 0
0.356857 0
0.356722 0
0.356577 0
0.356449 0
0.3563 0
0.355914 0
0.355792 0
0.355664 0
0.355538 0
0.355387 0
0.355241 0
0.355102 0
0.354961 0
0.354804 0
0.354676 0
0.354533 0
0.354397 0
0.354241 0
0.354096 0
0.353952 0
0.353814 0
0.353676 0
0.353525 0
0.353243 0
0.353109 0
0.352967 0
0.352665 0
0.352518 0
0.352389 0
0.352248 0
0.352109 0
0.351963 0
0.351823 0
0.351679 0
0.351543 0
0.351417 0
0.351271 0
0.351005 0
0.35088 0
0.350727 0
0.35058 0
0.350425 0
0.350121 0
0.35 0
0.34986 0
0.349723 0
0.34957 0
0.349424 0
0.349279 0
0.349142 0
0.348996 0
0.348872 0
0.348732 0
0.348582 0
0.348321 0
0.348167 0
0.348027 0
0.347881 0
0.347731 0
0.347592 0
0.34744 0
0.347284 0
0.347155 0
0.347003 0
0.346858 0
0.346711 0
0.346554 0
0.346412 0
0.346259 0
0.346109 0
0.345964 0
0.345828 0
0.345695 0
0.345546 0
0.345392 0
0.345113 0
0.344967 0
0.344819 0
0.344672 0
0.344533 0
0.344386 0
0.344242 0
0.344114 0
0.34396 0
0.34383 0
0.343695 0
0.343556 0
0.343413 0
0.343276 0
0.343149 0
0.343012 0
0.34287 0
0.342717 0
0.342571 0
0.342423 0
0.342286 0
0.342139 0
0.342004 0
0.341846 0
0.341704 0
0.34155 0
0.341393 0
0.341252 0
0.341106 0
0.340955 0
0.34081 0
0.340669 0
0.340515 0
0.340361 0
0.340224 0
0.340111 0
0.339966 0
0.339837 0
0.339694 0
0.339556 0
0.339437 0
0.339298 0
0.339145 0
0.338845 0
0.338713 0
0.338572 0
0.33843 0
0.338301 0
0.338164 0
0.338035 0
0.337889 0
0.337747 0
0.337462 0
0.337314 0
0.337177 0
0.337029 0
0.336888 0
0.336732 0
0.336588 0
0.33644 0
0.336291 0
0.336168 0
0.336031 0
0.335875 0
0.335483 0
0.33535 0
0.335195 0
0.335045 0
0.334898 0
0.334751 0
0.334621 0
0.334496 0
0.334372 0
0.334218 0
0.334075 0
0.33395 0
0.333824 0
0.333688 0
0.333552 0
0.333454 0
0.333339 0
0.333207 0
0.332924 0
0.332768 0
0.332619 0
0.332479 0
0.332334 0
0.332186 0
0.332046 0
0.331899 0
0.331746 0
0.33162 0
0.331473 0
0.331335 0
0.331196 0
0.331055 0
0.330905 0
0.330754 0
0.33061 0
0.330477 0
0.330334 0
0.330186 0
0.330033 0
0.329898 0
0.329743 0
0.3296 0
0.329457 0
0.329311 0
0.329171 0
0.328892 0
0.328743 0
0.328607 0
0.328473 0
0.328338 0
0.32807 0
0.327912 0
0.327793 0
0.327657 0
0.32752 0
0.327373 0
0.327249 0
0.327104 0
0.326962 0
0.326829 0
0.32669 0
0.326541 0
0.326396 0
0.326239 0
0.3261 0
0.325967 0
0.325815 0
0.325673 0
0.325528 0
0.325238 0
0.325102 0
0.324968 0
0.324824 0
0.324697 0
0.324555 0
0.324409 0
0.324289 0
0.324135 0
0.32384 0
0.323683 0
0.323411 0
0.32325 0
0.323107 0
0.32296 0
0.322838 0
0.322686 0
0.322548 0
0.322402 0
0.32226 0
0.321961 0
0.321842 0
0.321695 0
0.32155 0
0.321409 0
0.32126 0
0.32114 0
0.320991 0
0.320859 0
0.320736 0
0.320619 0
0.320498 0
0.320343 0
0.320198 0
0.320055 0
0.319923 0
0.319794 0
0.319648 0
0.319511 0
0.319358 0
0.319207 0
0.319059 0
0.318928 0
0.318774 0
0.31863 0
0.318521 0
0.318379 0
0.31825 0
0.317956 0
0.317826 0
0.317673 0
0.317529 0
0.317392 0
0.31724 0
0.316961 0
0.316826 0
0.316695 0
0.316549 0
0.31624 0
0.316083 0
0.315939 0
0.315799 0
0.315645 0
0.315502 0
0.315204 0
0.314925 0
0.314767 0
0.314619 0
0.31448 0
0.314348 0
0.314197 0
0.3139 0
0.313616 0
0.31348 0
0.313333 0
0.313068 0
0.312937 0
0.312788 0
0.312659 0
0.312519 0
0.312245 0
0.312108 0
0.31182 0
0.311676 0
0.311389 0
0.311247 0
0.310963 0
0.310821 0
0.310672 0
0.310521 0
0.310396 0
0.310125 0
0.31 0
0.30988 0
0.309736 0
0.309584 0
0.309448 0
0.30931 0
0.309158 0
0.309017 0
0.30888 0
0.308731 0
0.308585 0
0.308444 0
0.308291 0
0.308144 0
0.308005 0
0.307855 0
0.307701 0
0.307422 0
0.307267 0
0.306973 0
0.306874 0
0.306599 0
0.306451 0
0.306305 0
0.306155 0
0.306016 0
0.305874 0
0.305584 0
0.30544 0
0.305297 0
0.305198 0
0.305069 0
0.304768 0
0.304619 0
0.304481 0
0.304331 0
0.304195 0
0.304062 0
0.303915 0
0.303794 0
0.303658 0
0.303375 0
0.303228 0
0.30282 0
0.302685 0
0.302394 0
0.302249 0
0.30199 0
0.301862 0
0.301722 0
0.301439 0
0.301292 0
0.301147 0
0.300999 0
0.300866 0
0.300724 0
0.300576 0
0.300455 0
0.300312 0
0.30015 0
0.299994 0
0.299866 0
0.299724 0
0.299604 0
0.299468 0
0.299351 0
0.299062 0
0.298918 0
0.298792 0
0.298383 0
0.298238 0
0.29811 0
0.297969 0
0.297828 0
0.297687 0
0.297539 0
0.297413 0
0.297273 0
0.29714 0
0.297002 0
0.296872 0
0.296577 0
0.296425 0
0.296283 0
0.296026 0
0.295745 0
0.295618 0
0.295468 0
0.295324 0
0.295186 0
0.294926 0
0.294792 0
0.294639 0
0.29435 0
0.294199 0
0.294071 0
0.293917 0
0.293777 0
0.293633 0
0.293519 0
0.293376 0
0.293222 0
0.293082 0
0.292927 0
0.292774 0
0.29264 0
0.292361 0
0.292215 0
0.292062 0
0.291929 0
0.291795 0
0.291648 0
0.291495 0
0.291361 0
0.291213 0
0.291081 0
0.290922 0
0.290778 0
0.29034 0
0.290203 0
0.29005 0
0.28992 0
0.289783 0
0.289625 0
0.289498 0
0.289347 0
0.289191 0
0.289038 0
0.288899 0
0.288738 0
0.288582 0
0.28845 0
0.2883 0
0.288163 0
0.288012 0
0.287874 0
0.287562 0
0.287415 0
0.287131 0
0.286978 0
0.28687 0
0.286722 0
0.286603 0
0.28646 0
0.28631 0
0.286163 0
0.286019 0
0.285887 0
0.28563 0
0.285496 0
0.285228 0
0.28484 0
0.284691 0
0.28442 0
0.284286 0
0.284147 0
0.284012 0
0.283872 0
0.283731 0
0.283583 0
0.283298 0
0.283023 0
0.28274 0
0.282595 0
0.2823 0
0.282009 0
0.281734 0
0.281586 0
0.281286 0
0.280872 0
0.280602 0
0.28047 0
0.280332 0
0.280052 0
0.279904 0
0.279625 0
0.279479 0
0.279349 0
0.279053 0
0.278899 0
0.278748 0
0.278451 0
0.278311 0
0.278184 0
0.278041 0
0.27776 0
0.277615 0
0.277349 0
0.277212 0
0.277074 0
0.276925 0
0.276783 0
0.276512 0
0.276376 0
0.276239 0
0.27609 0
0.275921 0
0.275803 0
0.275648 0
0.275511 0
0.275357 0
0.275048 0
0.274764 0
0.274627 0
0.274485 0
0.274202 0
0.274073 0
0.273759 0
0.273621 0
0.27349 0
0.273196 0
0.272894 0
0.272754 0
0.272597 0
0.272452 0
0.272311 0
0.27217 0
0.272017 0
0.27186 0
0.271706 0
0.271405 0
0.27127 0
0.271119 0
0.270965 0
0.270832 0
0.270707 0
0.270559 0
0.270251 0
0.27009 0
0.269955 0
0.269806 0
0.269525 0
0.269387 0
0.269269 0
0.268982 0
0.268406 0
0.268293 0
0.268028 0
0.267885 0
0.267745 0
0.267605 0
0.267463 0
0.267314 0
0.267175 0
0.266899 0
0.266758 0
0.266617 0
0.266471 0
0.266175 0
0.266035 0
0.265751 0
0.265633 0
0.265491 0
0.265347 0
0.265047 0
0.264755 0
0.264631 0
0.264492 0
0.264191 0
0.263919 0
0.263643 0
0.263492 0
0.26319 0
0.263041 0
0.26291 0
0.262785 0
0.26264 0
0.262352 0
0.262207 0
0.261915 0
0.261765 0
0.261608 0
0.261466 0
0.261315 0
0.261161 0
0.260897 0
0.260766 0
0.260612 0
0.260457 0
0.26032 0
0.260186 0
0.260056 0
0.259914 0
0.25965 0
0.25937 0
0.258946 0
0.258806 0
0.25867 0
0.258533 0
0.258235 0
0.258087 0
0.257942 0
0.257784 0
0.257496 0
0.257367 0
0.257226 0
0.257083 0
0.256523 0
0.256256 0
0.256116 0
0.255829 0
0.254963 0
0.25482 0
0.254689 0
0.254556 0
0.254261 0
0.253963 0
0.253827 0
0.25368 0
0.253387 0
0.252841 0
0.25257 0
0.252321 0
0.25217 0
0.251905 0
0.251606 0
0.251451 0
0.251171 0
0.250895 0
0.250592 0
0.250452 0
0.250161 0
0.250015 0
0.249863 0
0.249617 0
0.249465 0
0.249313 0
0.249014 0
0.248866 0
0.248712 0
0.248444 0
0.248289 0
0.248151 0
0.247861 0
0.247705 0
0.247548 0
0.247402 0
0.24711 0
0.246966 0
0.246712 0
0.246574 0
0.246283 0
0.246001 0
0.245852 0
0.245394 0
0.244955 0
0.244667 0
0.244373 0
0.244086 0
0.243947 0
0.243814 0
0.243514 0
0.243368 0
0.243078 0
0.242941 0
0.242793 0
0.242657 0
0.242516 0
0.242368 0
0.242075 0
0.241921 0
0.241646 0
0.241222 0
0.240932 0
0.240785 0
0.240378 0
0.240235 0
0.240077 0
0.239472 0
0.239055 0
0.238914 0
0.238619 0
0.238348 0
0.238062 0
0.23779 0
0.237504 0
0.237356 0
0.237217 0
0.236636 0
0.236485 0
0.236331 0
0.236063 0
0.235637 0
0.235367 0
0.235237 0
0.235095 0
0.234946 0
0.234806 0
0.234678 0
0.23453 0
0.234216 0
0.234066 0
0.233909 0
0.233626 0
0.233496 0
0.23321 0
0.233076 0
0.232521 0
0.232095 0
0.231936 0
0.231794 0
0.231487 0
0.231357 0
0.231057 0
0.230906 0
0.230767 0
0.230609 0
0.230458 0
0.230305 0
0.229865 0
0.229572 0
0.229286 0
0.229017 0
0.228886 0
0.228599 0
0.228166 0
0.227896 0
0.227607 0
0.227455 0
0.227179 0
0.227044 0
0.226742 0
0.226595 0
0.22586 0
0.225281 0
0.225135 0
0.224976 0
0.224528 0
0.224241 0
0.22409 0
0.223798 0
0.223665 0
0.223246 0
0.223112 0
0.222969 0
0.222382 0
0.22223 0
0.221791 0
0.221369 0
0.220805 0
0.220646 0
0.220505 0
0.220071 0
0.219317 0
0.219037 0
0.218748 0
0.218457 0
0.218298 0
0.217694 0
0.217545 0
0.217247 0
0.217096 0
0.216668 0
0.216522 0
0.216373 0
0.216219 0
0.215919 0
0.215339 0
0.215075 0
0.214797 0
0.214662 0
0.21422 0
0.213778 0
0.213632 0
0.213484 0
0.21319 0
0.213043 0
0.212892 0
0.212745 0
0.212452 0
0.212307 0
0.212154 0
0.211883 0
0.211592 0
0.211451 0
0.211152 0
0.211004 0
0.210858 0
0.210559 0
0.210287 0
0.209699 0
0.209563 0
0.209404 0
0.209106 0
0.208688 0
0.208551 0
0.208256 0
0.207692 0
0.207534 0
0.207385 0
0.207121 0
0.206817 0
0.206546 0
0.206246 0
0.205822 0
0.205372 0
0.204953 0
0.20481 0
0.204676 0
0.204215 0
0.203921 0
0.203614 0
0.203474 0
0.203323 0
0.203183 0
0.202753 0
0.202341 0
0.202053 0
0.201901 0
0.201756 0
0.201625 0
0.201476 0
0.201181 0
0.200747 0
0.200627 0
0.200483 0
0.200331 0
0.199914 0
0.199759 0
0.199029 0
0.19858 0
0.19817 0
0.198029 0
0.197893 0
0.197763 0
0.197485 0
0.197348 0
0.196935 0
0.196792 0
0.196355 0
0.195919 0
0.195622 0
0.19531 0
0.195163 0
0.194732 0
0.194305 0
0.194007 0
0.193566 0
0.193416 0
0.193268 0
0.193012 0
0.192747 0
0.192611 0
0.192478 0
0.192206 0
0.192052 0
0.191746 0
0.191458 0
0.191326 0
0.191041 0
0.190347 0
0.190052 0
0.189908 0
0.189316 0
0.188592 0
0.188432 0
0.188296 0
0.188012 0
0.187281 0
0.186721 0
0.186276 0
0.186139 0
0.185866 0
0.185426 0
0.185269 0
0.184816 0
0.184391 0
0.18395 0
0.183664 0
0.183383 0
0.183239 0
0.182781 0
0.18202 0
0.181734 0
0.181451 0
0.180854 0
0.180719 0
0.180152 0
0.180008 0
0.179853 0
0.179396 0
0.178816 0
0.178375 0
0.178234 0
0.177931 0
0.177358 0
0.176775 0
0.17618 0
0.175756 0
0.175309 0
0.175036 0
0.174622 0
0.17391 0
0.17378 0
0.173626 0
0.173202 0
0.172909 0
0.172759 0
0.172608 0
0.172175 0
0.171442 0
0.171309 0
0.170782 0
0.170506 0
0.170215 0
0.169519 0
0.16937 0
0.169082 0
0.168937 0
0.168226 0
0.167938 0
0.167355 0
0.166938 0
0.166067 0
0.16562 0
0.165474 0
0.165013 0
0.164704 0
0.163826 0
0.163535 0
0.162404 0
0.161669 0
0.16123 0
0.160339 0
0.159917 0
0.159309 0
0.158904 0
0.158472 0
0.157894 0
0.157029 0
0.156608 0
0.156171 0
0.155878 0
0.155735 0
0.155012 0
0.15457 0
0.153396 0
0.153247 0
0.152522 0
0.15224 0
0.151972 0
0.151231 0
0.150787 0
0.150346 0
0.1502 0
0.150061 0
0.149497 0
0.149213 0
0.148338 0
0.148041 0
0.147171 0
0.146741 0
0.146589 0
0.146167 0
0.145748 0
0.145154 0
0.144828 0
0.143949 0
0.143792 0
0.142777 0
0.142473 0
0.141912 0
0.141083 0
0.140484 0
0.140028 0
0.13961 0
0.139314 0
0.139021 0
0.138286 0
0.137676 0
0.136645 0
0.135933 0
0.135362 0
0.134925 0
0.134494 0
0.134041 0
0.133905 0
0.133307 0
0.132417 0
0.131724 0
0.131428 0
0.131279 0
0.130978 0
0.130116 0
0.129073 0
0.128184 0
0.127577 0
0.126551 0
0.12609 0
0.125642 0
0.125045 0
0.124474 0
0.123739 0
0.123048 0
0.122284 0
0.12171 0
0.120572 0
0.119998 0
0.119392 0
0.118946 0
0.118218 0
0.117926 0
0.116905 0
0.116498 0
0.11605 0
0.115333 0
0.115025 0
0.114308 0
0.113064 0
0.112199 0
0.111473 0
0.110609 0
0.109722 0
0.109009 0
0.107993 0
0.10712 0
0.105996 0
0.104866 0
0.103985 0
0.103269 0
0.102828 0
0.101961 0
0.101081 0
0.0996007 0
0.0981077 0
0.0969435 0
0.0953474 0
0.0949079 0
0.0934852 0
0.0919938 0
0.0915457 0
0.090219 0
0.0896305 0
0.0877171 0
0.0866802 0
0.0856695 0
0.0842699 0
0.0829345 0
0.0817531 0
0.0801293 0
0.0780475 0
0.0773202 0
0.076445 0
0.0749946 0
0.0732606 0
0.0719181 0
0.0708746 0
0.0693766 0
0.0683545 0
0.0674775 0
0.0662775 0
0.0648258 0
0.0639506 0
0.0633994 0
0.0619336 0
0.0609032 0
0.0597664 0
0.0579615 0
0.0569497 0
0.0557722 0
0.054448 0
0.0532443 0
0.0513165 0
0.0501394 0
0.0476469 0
0.0462873 0
0.0437992 0
0.042346 0
0.0416127 0
0.0401239 0
0.0386672 0
0.0369018 0
0.0353027 0
0.0328071 0
0.0314873 0
0.0282788 0
0.0268362 0
0.0255151 0
0.0242072 0
0.0231503 0
0.0212292 0
0.0184146 0
0.016039 0
0.0138329 0
0.0122022 0
0.00942769 0
0.00733482 0
0.00496007 0
0.0024106 0
0.000441548 0
0 0
