0.630826 53 0.700437
0.630632 53 0.706292
0.630439 53 0.707472
0.630246 53 0.709777
0.630052 53 0.711072
0.629859 53 0.714891
0.629665 53 0.718499
0.629472 53 0.719752
0.629279 53 0.720504
0.629085 53 0.720729
0.629085 52 0.722112
0.628892 52 0.725491
0.628699 52 0.726789
0.628505 52 0.728301
0.628312 52 0.732321
0.628118 52 0.733913
0.628118 51 0.736095
0.627925 51 0.736288
0.627732 51 0.738249
0.627732 50 0.739502
0.627538 50 0.739626
0.627345 50 0.74028
0.627151 50 0.742973
0.626958 50 0.745991
0.626765 50 0.748388
0.626765 49 0.748508
0.626765 48 0.748536
0.626571 48 0.750286
0.626571 47 0.752067
0.626378 47 0.755725
0.626184 47 0.756422
0.625991 47 0.759119
0.625798 47 0.761228
0.625604 47 0.76262
0.625604 46 0.76571
0.625411 46 0.766261
0.625218 46 0.76698
0.625218 45 0.767467
0.625024 45 0.767853
0.625024 44 0.768421
0.624831 44 0.771684
0.624637 44 0.77502
0.624444 44 0.775386
0.624251 44 0.775808
0.624251 43 0.776276
0.624057 43 0.78528
0.623864 43 0.785476
0.623864 42 0.785998
0.62367 42 0.78648
0.623477 42 0.786978
0.623284 42 0.789776
0.623284 41 0.79032
0.623284 40 0.793407
0.623284 39 0.796036
0.62309 39 0.797122
0.622897 39 0.797372
0.622897 38 0.798308
0.622704 38 0.79875
0.62251 38 0.803564
0.622317 38 0.805521
0.622123 38 0.806565
0.62193 38 0.809197
0.621737 38 0.809358
0.621737 37 0.810172
0.621543 37 0.810187
0.62135 37 0.811683
0.62135 36 0.817417
0.621156 36 0.818092
0.620963 36 0.819139
0.62077 36 0.819349
0.620576 36 0.820345
0.620383 36 0.821697
0.620383 35 0.822883
0.62019 35 0.823498
0.619996 35 0.825521
0.619996 34 0.827321
0.619803 34 0.827338
0.619609 34 0.827821
0.619416 34 0.82809
0.619223 34 0.829401
0.619029 34 0.829643
0.618836 34 0.831604
0.618836 33 0.833535
0.618642 33 0.834017
0.618449 33 0.838544
0.618256 33 0.84024
0.618062 33 0.845346
0.618062 32 0.845594
0.617869 32 0.849443
0.617675 32 0.85035
0.617482 32 0.850711
0.617289 32 0.851949
0.617095 32 0.852243
0.616902 32 0.8528
0.616709 32 0.856919
0.616709 31 0.858463
0.616515 31 0.858672
0.616515 30 0.858721
0.616322 30 0.858976
0.616128 30 0.860457
0.615935 30 0.860668
0.615935 29 0.860981
0.615742 29 0.861153
0.615548 29 0.865607
0.615355 29 0.866741
0.615355 28 0.86751
0.615161 28 0.867889
0.614968 27 0.868873
0.614775 27 0.869309
0.614388 27 0.86979
0.614195 27 0.870142
0.614001 27 0.871536
0.613808 27 0.871877
0.613614 27 0.873943
0.613614 26 0.87551
0.613421 26 0.875918
0.613228 26 0.876887
0.613034 26 0.877067
0.612841 26 0.877111
0.612841 25 0.877265
0.612841 24 0.877315
0.612647 24 0.880144
0.612454 24 0.880584
0.612261 24 0.881292
0.612067 24 0.882595
0.611874 24 0.883126
0.611681 24 0.88397
0.611681 23 0.884546
0.611681 22 0.884725
0.611487 22 0.885022
0.611294 22 0.888172
0.611294 21 0.891253
0.6111 21 0.891558
0.6111 20 0.891598
0.610907 20 0.892511
0.610714 20 0.892515
0.610714 19 0.892881
0.61052 19 0.894199
0.610327 19 0.894389
0.610133 19 0.894803
0.610133 18 0.895485
0.610133 17 0.896325
0.60994 17 0.896654
0.609747 17 0.897258
0.609553 17 0.897999
0.60936 17 0.898122
0.609167 17 0.898128
0.608973 17 0.89882
0.60878 17 0.900455
0.608586 17 0.900487
0.608393 17 0.901397
0.6082 17 0.901398
0.608006 17 0.901546
0.608006 16 0.902539
0.607813 16 0.902571
0.607619 16 0.903175
0.607426 16 0.904115
0.607233 16 0.904586
0.607039 16 0.905054
0.606846 16 0.906202
0.606652 16 0.906903
0.606459 16 0.907183
0.606459 15 0.907404
0.606266 15 0.908112
0.606266 14 0.908278
0.606072 14 0.910101
0.605879 14 0.910335
0.605686 14 0.910361
0.605492 14 0.91112
0.605299 14 0.915017
0.605105 14 0.916861
0.605105 13 0.917358
0.604912 13 0.917454
0.604719 13 0.917956
0.604525 13 0.919353
0.604332 13 0.920637
0.604138 13 0.920906
0.603945 13 0.921242
0.603752 13 0.921716
0.603752 12 0.921961
0.603558 12 0.924658
0.603365 12 0.925633
0.603172 12 0.926626
0.602978 12 0.926671
0.602785 12 0.92684
0.602591 12 0.926994
0.602398 12 0.927087
0.602205 12 0.927624
0.602011 12 0.928811
0.601818 12 0.929182
0.601624 12 0.929461
0.601431 12 0.930151
0.601238 12 0.930311
0.601044 12 0.930543
0.600851 12 0.930604
0.600658 12 0.932529
0.600464 12 0.932721
0.600271 12 0.933177
0.600271 11 0.933408
0.600077 11 0.933468
0.599884 11 0.933777
0.599691 11 0.933863
0.599497 11 0.934475
0.599304 11 0.934763
0.59911 11 0.935731
0.598917 11 0.935791
0.598917 10 0.935851
0.598724 10 0.936493
0.598724 9 0.936501
0.59853 9 0.936646
0.598337 9 0.936687
0.598143 9 0.936866
0.59795 9 0.936873
0.59795 8 0.937094
0.59795 7 0.937232
0.597757 7 0.937255
0.597563 7 0.937462
0.59737 7 0.937847
0.597177 7 0.938094
0.596983 7 0.93831
0.59679 7 0.938572
0.596596 7 0.93874
0.596403 7 0.938951
0.59621 7 0.939089
0.596016 7 0.939273
0.595823 7 0.939669
0.595629 7 0.939939
0.595436 7 0.940063
0.595436 6 0.940138
0.595243 6 0.94031
0.595049 6 0.940473
0.594856 6 0.94056
0.594663 6 0.940759
0.594469 6 0.9408
0.594276 6 0.940862
0.594082 6 0.941375
0.593889 6 0.941787
0.593696 6 0.941939
0.593502 6 0.94211
0.593309 6 0.942284
0.593115 6 0.94231
0.592922 6 0.943047
0.592729 6 0.943124
0.592535 6 0.943219
0.592342 6 0.94392
0.592149 6 0.944022
0.591955 6 0.944331
0.591762 6 0.944621
0.591568 6 0.944648
0.591375 6 0.945275
0.591182 6 0.946241
0.590988 6 0.947278
0.590795 6 0.947316
0.590601 6 0.947477
0.590408 6 0.94835
0.590215 6 0.948389
0.590021 6 0.949999
0.589828 6 0.950133
0.589635 6 0.950478
0.589441 6 0.951081
0.589248 6 0.951189
0.589054 6 0.951224
0.588861 6 0.95125
0.588668 6 0.951812
0.588474 6 0.952227
0.588281 6 0.952577
0.588087 6 0.952657
0.587894 6 0.953106
0.587701 6 0.954198
0.587507 6 0.954294
0.587314 6 0.95437
0.58712 6 0.955166
0.586927 6 0.955514
0.586734 6 0.955833
0.58654 6 0.956285
0.586347 6 0.956568
0.586154 6 0.956941
0.58596 6 0.957368
0.585767 6 0.957461
0.585573 6 0.958228
0.58538 6 0.958266
0.585187 6 0.958771
0.584993 6 0.958795
0.5848 6 0.959505
0.584606 6 0.959884
0.584413 6 0.960029
0.58422 6 0.960352
0.584026 6 0.960366
0.583833 6 0.961105
0.58364 6 0.961146
0.58364 5 0.96117
0.583446 5 0.961281
0.583253 5 0.961601
0.583059 5 0.961972
0.582673 5 0.962104
0.582479 5 0.962534
0.582286 5 0.962616
0.582092 5 0.962618
0.581899 5 0.96273
0.581706 5 0.96298
0.581512 5 0.963709
0.581319 5 0.963822
0.581126 5 0.964168
0.580932 5 0.964207
0.580739 5 0.964226
0.580545 5 0.964843
0.580352 5 0.964953
0.580159 5 0.965013
0.579965 5 0.965034
0.579772 5 0.965356
0.579578 5 0.965452
0.579385 5 0.965953
0.579192 5 0.966062
0.578998 5 0.966068
0.578805 5 0.966319
0.578611 5 0.966381
0.578418 5 0.966566
0.578225 5 0.966622
0.578031 5 0.967026
0.577838 5 0.967392
0.577645 5 0.967699
0.577451 5 0.968275
0.577258 5 0.968388
0.577064 5 0.969254
0.576871 5 0.969453
0.576678 5 0.969566
0.576484 5 0.969568
0.576291 5 0.969685
0.576097 5 0.970204
0.575904 5 0.970245
0.575711 5 0.970284
0.575517 5 0.97042
0.575324 5 0.970505
0.575131 5 0.970693
0.575131 4 0.970806
0.574937 4 0.970979
0.574744 4 0.971046
0.57455 4 0.971187
0.574357 4 0.971455
0.574164 4 0.971643
0.57397 4 0.971703
0.573777 4 0.971733
0.573583 4 0.972851
0.57339 4 0.973152
0.573197 4 0.973173
0.573003 4 0.973256
0.57281 4 0.973303
0.572617 4 0.973627
0.572423 4 0.97381
0.57223 4 0.973915
0.572036 4 0.974076
0.571843 4 0.97432
0.57165 4 0.974391
0.571456 4 0.974462
0.571263 4 0.974472
0.571069 4 0.974475
0.570876 4 0.974731
0.570683 4 0.974788
0.570489 4 0.975283
0.570489 3 0.97544
0.570296 3 0.975462
0.570102 3 0.97555
0.569909 3 0.975967
0.569716 3 0.976023
0.569522 3 0.976043
0.569329 3 0.976469
0.569136 3 0.976858
0.568942 3 0.976966
0.568749 3 0.977163
0.568555 3 0.977317
0.568362 3 0.97732
0.568169 3 0.977573
0.567975 3 0.977847
0.567782 3 0.977981
0.567588 3 0.978113
0.567395 3 0.978214
0.567202 3 0.978372
0.567008 3 0.978386
0.566815 3 0.978441
0.566622 3 0.978473
0.566428 3 0.97848
0.566235 3 0.978484
0.566041 3 0.978532
0.565848 3 0.9786
0.565655 3 0.978602
0.565461 3 0.978669
0.565268 3 0.978715
0.565074 3 0.978719
0.564881 3 0.978821
0.564688 3 0.979004
0.564494 3 0.979081
0.564301 3 0.979266
0.564108 3 0.979406
0.563914 3 0.979535
0.563721 3 0.979631
0.563527 3 0.979822
0.563334 3 0.979848
0.563141 3 0.98032
0.562947 3 0.980433
0.562754 3 0.980582
0.56256 3 0.980741
0.562367 3 0.980919
0.562174 3 0.981042
0.56198 3 0.981093
0.561787 3 0.981182
0.561594 3 0.98126
0.5614 3 0.981285
0.561207 3 0.981294
0.561013 3 0.981296
0.56082 3 0.98135
0.560627 3 0.981403
0.560433 3 0.981569
0.56024 3 0.98188
0.560046 3 0.98195
0.559853 3 0.982039
0.55966 3 0.982102
0.559466 3 0.982267
0.559273 3 0.982292
0.559079 3 0.982325
0.558886 3 0.9826
0.558693 3 0.982612
0.558499 3 0.982761
0.558499 2 0.982763
0.558306 2 0.982863
0.558113 2 0.982976
0.557919 2 0.983032
0.557726 2 0.983059
0.557532 2 0.983146
0.557339 2 0.983236
0.557146 2 0.983356
0.556952 2 0.983864
0.556759 2 0.983941
0.556565 2 0.983952
0.556372 2 0.98396
0.556179 2 0.984014
0.555985 2 0.984043
0.555792 2 0.984221
0.555599 2 0.984249
0.555405 2 0.984324
0.555212 2 0.98458
0.555018 2 0.984633
0.554825 2 0.984675
0.554632 2 0.984708
0.554438 2 0.984742
0.554245 2 0.984745
0.554051 2 0.984975
0.553858 2 0.985127
0.553665 2 0.985132
0.553471 2 0.985147
0.553278 2 0.985245
0.553085 2 0.985277
0.552891 2 0.985332
0.552698 2 0.985416
0.552504 2 0.985448
0.552311 2 0.985484
0.552118 2 0.985488
0.551924 2 0.985589
0.551731 2 0.985595
0.551537 2 0.985622
0.551344 2 0.985734
0.551151 2 0.98574
0.550957 2 0.98583
0.550764 2 0.985871
0.550764 1 0.985922
0.55057 1 0.985955
0.550377 1 0.985988
0.550184 1 0.986028
0.54999 1 0.986062
0.549797 1 0.986069
0.549604 1 0.986091
0.54941 1 0.986131
0.549217 1 0.986152
0.549023 1 0.98618
0.54883 1 0.98629
0.548637 1 0.986472
0.548443 1 0.98657
0.54825 1 0.986601
0.548056 1 0.986638
0.547863 1 0.986737
0.54767 1 0.986785
0.547476 1 0.986892
0.547283 1 0.986905
0.54709 1 0.986946
0.546896 1 0.986951
0.546703 1 0.986981
0.546509 1 0.987097
0.546316 1 0.987113
0.546123 1 0.987178
0.545929 1 0.987215
0.545736 1 0.987261
0.545542 1 0.987273
0.545349 1 0.987274
0.545156 1 0.987286
0.544962 1 0.987296
0.544769 1 0.9873
0.544576 1 0.987302
0.544382 1 0.987461
0.544189 1 0.987533
0.543802 1 0.987636
0.543609 1 0.987657
0.543415 1 0.987779
0.543222 1 0.987838
0.543028 1 0.987853
0.542835 1 0.987868
0.542642 1 0.987926
0.542448 1 0.988138
0.542061 1 0.988249
0.541868 1 0.988287
0.541675 1 0.988334
0.541481 1 0.988404
0.541288 1 0.988405
0.541095 1 0.988519
0.540901 1 0.988753
0.540708 1 0.988783
0.540514 1 0.988792
0.540321 1 0.988849
0.540128 1 0.988885
0.539934 1 0.988926
0.539741 1 0.988941
0.539547 1 0.9891
0.539354 1 0.989209
0.539161 1 0.989309
0.538967 1 0.989389
0.538774 1 0.989439
0.538581 1 0.989533
0.538387 1 0.989576
0.538194 1 0.989637
0.538 1 0.989658
0.537807 1 0.989757
0.537614 1 0.9898
0.53742 1 0.98984
0.537227 1 0.989889
0.53684 1 0.989925
0.536647 1 0.990049
0.536453 1 0.990091
0.53626 1 0.990158
0.536067 1 0.990224
0.535873 1 0.990311
0.53568 1 0.990345
0.535486 1 0.990374
0.535293 1 0.990496
0.5351 1 0.990524
0.534713 1 0.990764
0.534519 1 0.990857
0.534326 1 0.990893
0.534133 1 0.990974
0.533939 1 0.990983
0.533746 1 0.990997
0.533553 1 0.991052
0.533359 1 0.99113
0.533166 1 0.991136
0.532972 1 0.991165
0.532779 1 0.991263
0.532586 1 0.991271
0.532392 1 0.991288
0.532199 1 0.991299
0.532005 1 0.991311
0.531812 1 0.991338
0.531619 1 0.991356
0.531425 1 0.991399
0.531232 1 0.991405
0.531038 1 0.991443
0.530845 1 0.991525
0.530652 1 0.991577
0.530458 1 0.991598
0.530265 1 0.99168
0.530072 1 0.991703
0.529878 1 0.991759
0.529685 1 0.991769
0.529491 1 0.991844
0.529298 1 0.991889
0.529105 1 0.991901
0.528911 1 0.991972
0.528718 1 0.992003
0.528524 1 0.992006
0.528331 1 0.99204
0.528138 1 0.992078
0.527944 1 0.992094
0.527751 1 0.992163
0.527558 1 0.992203
0.527364 1 0.992223
0.527171 1 0.992255
0.526977 1 0.992256
0.526784 1 0.992275
0.526591 1 0.992276
0.526397 1 0.99228
0.526204 1 0.992281
0.52601 1 0.99233
0.525817 1 0.992342
0.525624 1 0.992621
0.52543 1 0.992663
0.525237 1 0.992667
0.525044 1 0.992707
0.52485 1 0.992718
0.524657 1 0.992723
0.524463 1 0.992736
0.52427 1 0.992814
0.524077 1 0.992903
0.523883 1 0.992924
0.52369 1 0.992933
0.523496 1 0.992951
0.523303 1 0.992976
0.52311 1 0.992982
0.522916 1 0.992988
0.522723 1 0.992989
0.522529 1 0.993025
0.522336 1 0.993046
0.522143 1 0.993058
0.521949 1 0.993073
0.521756 1 0.99309
0.521369 1 0.993098
0.521176 1 0.993128
0.520982 1 0.993167
0.520789 1 0.993185
0.520596 1 0.993191
0.520402 1 0.993261
0.520209 1 0.993262
0.520015 1 0.993298
0.519822 1 0.993321
0.519629 1 0.993342
0.519435 1 0.993401
0.519049 1 0.993411
0.518855 1 0.993416
0.518662 1 0.993473
0.518468 1 0.993482
0.518275 1 0.993533
0.518082 1 0.993671
0.517888 1 0.993786
0.517695 1 0.993794
0.517501 1 0.993828
0.517308 1 0.993832
0.517115 1 0.993846
0.516921 1 0.993848
0.516728 1 0.993883
0.516535 1 0.993932
0.516341 1 0.99394
0.516148 1 0.993945
0.515954 1 0.993955
0.515761 1 0.993968
0.515568 1 0.993979
0.515374 1 0.994033
0.515181 1 0.994051
0.514987 1 0.994085
0.514794 1 0.994102
0.514601 1 0.994128
0.514407 1 0.994152
0.514214 1 0.994171
0.51402 1 0.994172
0.513827 1 0.994187
0.513634 1 0.99422
0.51344 1 0.99423
0.513247 1 0.994235
0.513054 1 0.994248
0.51286 1 0.994259
0.512667 1 0.994267
0.512473 1 0.994268
0.51228 1 0.994301
0.512087 1 0.994307
0.511893 1 0.994311
0.5117 1 0.994348
0.511506 1 0.994357
0.511313 1 0.994373
0.51112 1 0.99438
0.510926 1 0.994388
0.510733 1 0.994389
0.51054 1 0.994399
0.510346 1 0.99442
0.510153 1 0.994459
0.509766 1 0.994461
0.509573 1 0.994462
0.509379 1 0.994472
0.509186 1 0.994474
0.508992 1 0.994494
0.508799 1 0.994551
0.508799 0 0.994588
0.508606 0 0.994611
0.508412 0 0.994617
0.508219 0 0.994622
0.508026 0 0.994624
0.507832 0 0.99463
0.507445 0 0.994653
0.507252 0 0.994677
0.507059 0 0.994703
0.506865 0 0.994803
0.506672 0 0.994818
0.506478 0 0.994825
0.506285 0 0.994835
0.506092 0 0.99484
0.505898 0 0.994877
0.505705 0 0.994883
0.505512 0 0.994912
0.505318 0 0.99492
0.505125 0 0.994941
0.504931 0 0.994955
0.504738 0 0.994987
0.504545 0 0.994993
0.504351 0 0.995
0.504158 0 0.995031
0.503964 0 0.995058
0.503771 0 0.995063
0.503578 0 0.995067
0.503384 0 0.99507
0.503191 0 0.995072
0.502997 0 0.995084
0.502804 0 0.995102
0.502611 0 0.995114
0.502417 0 0.99513
0.502224 0 0.995181
0.502031 0 0.99519
0.501837 0 0.995202
0.501644 0 0.995231
0.50145 0 0.995236
0.501257 0 0.99524
0.501064 0 0.995251
0.50087 0 0.995259
0.500483 0 0.995276
0.50029 0 0.995277
0.500097 0 0.995287
0.499903 0 0.995303
0.49971 0 0.995304
0.499517 0 0.995305
0.499323 0 0.995324
0.49913 0 0.995351
0.498936 0 0.995368
0.498743 0 0.995442
0.49855 0 0.995453
0.498356 0 0.995478
0.498163 0 0.995483
0.497776 0 0.995497
0.497583 0 0.995505
0.497389 0 0.995514
0.497196 0 0.995516
0.497003 0 0.995564
0.496809 0 0.995571
0.496616 0 0.995596
0.496422 0 0.995605
0.496229 0 0.995633
0.496036 0 0.995641
0.495842 0 0.995643
0.495649 0 0.995661
0.495455 0 0.995677
0.495262 0 0.995685
0.495069 0 0.995701
0.494875 0 0.995716
0.494682 0 0.995717
0.494488 0 0.99577
0.494295 0 0.995783
0.494102 0 0.995804
0.493908 0 0.995809
0.493715 0 0.995811
0.493522 0 0.995823
0.493328 0 0.995826
0.493135 0 0.995827
0.492941 0 0.995837
0.492748 0 0.995844
0.492555 0 0.995864
0.492361 0 0.995868
0.492168 0 0.995891
0.491781 0 0.995909
0.491588 0 0.99591
0.491394 0 0.995948
0.491201 0 0.995965
0.491008 0 0.995976
0.490814 0 0.995982
0.490621 0 0.996009
0.490427 0 0.996011
0.490234 0 0.996036
0.490041 0 0.99604
0.489847 0 0.996048
0.489654 0 0.996056
0.48946 0 0.996063
0.489074 0 0.996067
0.48888 0 0.996072
0.488687 0 0.996093
0.488494 0 0.996131
0.4883 0 0.996145
0.488107 0 0.996146
0.487913 0 0.996162
0.48772 0 0.996166
0.487527 0 0.996179
0.487333 0 0.996188
0.48714 0 0.996198
0.486946 0 0.9962
0.486753 0 0.996209
0.48656 0 0.99621
0.486366 0 0.996215
0.486173 0 0.996224
0.48598 0 0.996266
0.485786 0 0.996267
0.485593 0 0.996302
0.485399 0 0.996315
0.485206 0 0.996335
0.485013 0 0.996346
0.484819 0 0.996347
0.484626 0 0.99641
0.484432 0 0.996414
0.484239 0 0.996462
0.484046 0 0.996487
0.483852 0 0.996497
0.483659 0 0.996512
0.483465 0 0.996537
0.483079 0 0.996549
0.482885 0 0.996556
0.482692 0 0.99656
0.482499 0 0.996561
0.482305 0 0.996572
0.482112 0 0.996574
0.481918 0 0.996582
0.481725 0 0.996587
0.481532 0 0.996597
0.481338 0 0.996604
0.481145 0 0.996613
0.480951 0 0.996637
0.480565 0 0.996639
0.480371 0 0.99665
0.480178 0 0.996654
0.479985 0 0.996666
0.479791 0 0.99667
0.479598 0 0.996678
0.479404 0 0.996687
0.479211 0 0.996689
0.479018 0 0.996714
0.478824 0 0.996721
0.478631 0 0.996728
0.478437 0 0.99673
0.478244 0 0.996736
0.478051 0 0.996745
0.477857 0 0.996747
0.477664 0 0.996753
0.477471 0 0.996759
0.477277 0 0.996768
0.476697 0 0.996769
0.476504 0 0.996784
0.47631 0 0.996826
0.476117 0 0.99684
0.475923 0 0.996871
0.47573 0 0.996881
0.475537 0 0.996882
0.475343 0 0.996883
0.47515 0 0.996888
0.474956 0 0.996894
0.474763 0 0.996895
0.47457 0 0.996903
0.474376 0 0.996907
0.474183 0 0.996912
0.47399 0 0.996919
0.473796 0 0.996932
0.473603 0 0.996933
0.473409 0 0.996934
0.473023 0 0.996938
0.472829 0 0.996951
0.472636 0 0.996963
0.472249 0 0.996965
0.472056 0 0.996975
0.471862 0 0.996978
0.471669 0 0.996995
0.471476 0 0.996998
0.471282 0 0.997054
0.471089 0 0.997065
0.470895 0 0.997071
0.470702 0 0.997102
0.470509 0 0.997106
0.470315 0 0.997127
0.469928 0 0.997156
0.469735 0 0.997164
0.469542 0 0.997186
0.469348 0 0.99719
0.469155 0 0.997197
0.468768 0 0.997201
0.468575 0 0.997222
0.468381 0 0.997235
0.468188 0 0.997236
0.467995 0 0.997238
0.467801 0 0.997245
0.467608 0 0.997259
0.467414 0 0.997262
0.467221 0 0.997265
0.467028 0 0.997277
0.466834 0 0.997281
0.466641 0 0.997282
0.466254 0 0.997307
0.466061 0 0.997313
0.465867 0 0.997314
0.465674 0 0.997315
0.465481 0 0.997333
0.465287 0 0.997336
0.465094 0 0.997339
0.4649 0 0.997345
0.464707 0 0.997385
0.464514 0 0.997396
0.46432 0 0.997403
0.464127 0 0.997413
0.463933 0 0.997429
0.46374 0 0.997444
0.463547 0 0.99745
0.463353 0 0.997457
0.46316 0 0.997463
0.462967 0 0.997471
0.462773 0 0.997475
0.46258 0 0.997489
0.462386 0 0.997492
0.462 0 0.997503
0.461806 0 0.997519
0.461613 0 0.997524
0.461419 0 0.997531
0.461226 0 0.997541
0.461033 0 0.997559
0.460839 0 0.997574
0.460646 0 0.997582
0.460453 0 0.997594
0.460259 0 0.997608
0.460066 0 0.99761
0.459872 0 0.997611
0.459679 0 0.997615
0.459486 0 0.997625
0.459292 0 0.997635
0.459099 0 0.997636
0.458905 0 0.997639
0.458712 0 0.997646
0.458519 0 0.997659
0.458325 0 0.99767
0.458132 0 0.997686
0.457939 0 0.997693
0.457745 0 0.997699
0.457552 0 0.997701
0.457358 0 0.997705
0.457165 0 0.997714
0.456972 0 0.997721
0.456778 0 0.997723
0.456585 0 0.997727
0.456391 0 0.997728
0.456198 0 0.997741
0.456005 0 0.997745
0.455811 0 0.997747
0.455618 0 0.997755
0.455424 0 0.997761
0.455231 0 0.997769
0.455038 0 0.99777
0.454844 0 0.997778
0.454651 0 0.997786
0.454458 0 0.997787
0.454264 0 0.997793
0.454071 0 0.997804
0.453877 0 0.997806
0.453491 0 0.99781
0.453297 0 0.997811
0.453104 0 0.997813
0.45291 0 0.99783
0.452717 0 0.997832
0.452524 0 0.997835
0.45233 0 0.997837
0.452137 0 0.997847
0.451944 0 0.997849
0.451557 0 0.997859
0.451363 0 0.997877
0.45117 0 0.99788
0.450977 0 0.997882
0.450783 0 0.997889
0.45059 0 0.997892
0.450396 0 0.997893
0.450203 0 0.997907
0.45001 0 0.997912
0.449816 0 0.997914
0.449623 0 0.99792
0.44943 0 0.997925
0.448849 0 0.997929
0.448656 0 0.99794
0.448463 0 0.997943
0.448269 0 0.997951
0.448076 0 0.997953
0.447882 0 0.997971
0.447689 0 0.997978
0.447496 0 0.997981
0.447302 0 0.998008
0.447109 0 0.99801
0.446915 0 0.998014
0.446722 0 0.998016
0.446529 0 0.998026
0.446335 0 0.99803
0.446142 0 0.998038
0.445949 0 0.998039
0.445755 0 0.99804
0.445562 0 0.998049
0.445175 0 0.998053
0.444982 0 0.998054
0.444788 0 0.998066
0.444595 0 0.998067
0.444401 0 0.998071
0.444208 0 0.998076
0.444015 0 0.998079
0.443821 0 0.998083
0.443628 0 0.998084
0.443435 0 0.998088
0.443241 0 0.998109
0.443048 0 0.998118
0.442854 0 0.998133
0.442661 0 0.998135
0.442468 0 0.998164
0.442274 0 0.998187
0.442081 0 0.998194
0.441887 0 0.998198
0.441694 0 0.998204
0.441501 0 0.998205
0.441307 0 0.998206
0.441114 0 0.998211
0.440921 0 0.998212
0.440727 0 0.998217
0.440534 0 0.998218
0.44034 0 0.998227
0.440147 0 0.998229
0.43976 0 0.998233
0.439567 0 0.998238
0.439373 0 0.998239
0.43918 0 0.998242
0.438987 0 0.998248
0.4386 0 0.998255
0.438406 0 0.998259
0.438213 0 0.99826
0.43802 0 0.998263
0.437826 0 0.998264
0.437633 0 0.998269
0.43744 0 0.998271
0.437246 0 0.998274
0.437053 0 0.998275
0.436859 0 0.99828
0.436666 0 0.998282
0.436473 0 0.998283
0.436279 0 0.99829
0.436086 0 0.998294
0.435892 0 0.998297
0.435699 0 0.998298
0.435506 0 0.998301
0.435312 0 0.998306
0.435119 0 0.99831
0.434732 0 0.998315
0.434539 0 0.998318
0.434345 0 0.998319
0.434152 0 0.998325
0.433959 0 0.998332
0.433765 0 0.998333
0.433572 0 0.998358
0.433378 0 0.998362
0.433185 0 0.998377
0.432798 0 0.998379
0.432605 0 0.998381
0.432218 0 0.998385
0.432025 0 0.998387
0.431831 0 0.998388
0.431638 0 0.998394
0.431445 0 0.998395
0.431251 0 0.998397
0.431058 0 0.998402
0.430864 0 0.998405
0.430671 0 0.99841
0.430284 0 0.998411
0.430091 0 0.99842
0.429898 0 0.998427
0.429704 0 0.998429
0.429511 0 0.998437
0.429317 0 0.998439
0.429124 0 0.998442
0.428931 0 0.99845
0.428737 0 0.998455
0.428544 0 0.998463
0.42835 0 0.998467
0.428157 0 0.998476
0.427964 0 0.998478
0.42777 0 0.998479
0.427577 0 0.998488
0.427383 0 0.99849
0.42719 0 0.998494
0.426997 0 0.99851
0.426803 0 0.998515
0.42661 0 0.998517
0.426417 0 0.998519
0.426223 0 0.998521
0.42603 0 0.998522
0.425836 0 0.998527
0.425643 0 0.998532
0.42545 0 0.998535
0.425256 0 0.998536
0.425063 0 0.998537
0.424676 0 0.998538
0.424483 0 0.99854
0.424289 0 0.998543
0.424096 0 0.998545
0.423903 0 0.998547
0.423709 0 0.998553
0.423322 0 0.998555
0.423129 0 0.99856
0.422936 0 0.998561
0.422742 0 0.998562
0.422355 0 0.998567
0.422162 0 0.998572
0.421969 0 0.99858
0.421775 0 0.998585
0.421582 0 0.998586
0.421389 0 0.998604
0.421002 0 0.998605
0.420615 0 0.998609
0.420422 0 0.99861
0.420228 0 0.998612
0.420035 0 0.998617
0.419841 0 0.99862
0.419648 0 0.998621
0.419261 0 0.998628
0.418874 0 0.998629
0.418681 0 0.99863
0.418488 0 0.99864
0.418101 0 0.998642
0.417908 0 0.998643
0.417714 0 0.998646
0.417521 0 0.998647
0.417327 0 0.998648
0.416941 0 0.998649
0.416747 0 0.998656
0.41636 0 0.998658
0.416167 0 0.998661
0.41578 0 0.998663
0.415587 0 0.998672
0.4152 0 0.998675
0.415007 0 0.998679
0.414813 0 0.998687
0.41462 0 0.998688
0.414427 0 0.99869
0.41404 0 0.998694
0.413846 0 0.998697
0.413653 0 0.998698
0.41346 0 0.998699
0.413266 0 0.998701
0.413073 0 0.998702
0.41288 0 0.998705
0.412686 0 0.998707
0.412493 0 0.998708
0.412299 0 0.998709
0.412106 0 0.998713
0.411913 0 0.998721
0.411719 0 0.998725
0.411526 0 0.998726
0.411332 0 0.998728
0.411139 0 0.998729
0.410946 0 0.998738
0.410752 0 0.99874
0.410365 0 0.998742
0.410172 0 0.998743
0.409785 0 0.998745
0.409592 0 0.998747
0.409205 0 0.99876
0.409012 0 0.998762
0.408818 0 0.998765
0.408625 0 0.998768
0.408432 0 0.998771
0.408238 0 0.998772
0.407851 0 0.998777
0.407658 0 0.99878
0.407465 0 0.998781
0.407271 0 0.998784
0.407078 0 0.998785
0.406691 0 0.998786
0.406498 0 0.998788
0.406304 0 0.998789
0.406111 0 0.998797
0.405918 0 0.998799
0.405724 0 0.9988
0.405531 0 0.998801
0.405337 0 0.998803
0.405144 0 0.998805
0.404757 0 0.998809
0.404564 0 0.998811
0.403984 0 0.998813
0.40379 0 0.998818
0.403404 0 0.998819
0.40321 0 0.998824
0.402823 0 0.998825
0.40263 0 0.998832
0.402437 0 0.99884
0.40205 0 0.998841
0.401857 0 0.998845
0.401663 0 0.998846
0.40147 0 0.998847
0.401276 0 0.998848
0.401083 0 0.998849
0.40089 0 0.998853
0.400696 0 0.998854
0.400503 0 0.998855
0.400309 0 0.998857
0.400116 0 0.998859
0.399923 0 0.998861
0.399729 0 0.998863
0.399536 0 0.998865
0.399342 0 0.998867
0.399149 0 0.998871
0.398762 0 0.998872
0.398569 0 0.998873
0.398376 0 0.998874
0.397795 0 0.998875
0.397602 0 0.998879
0.397409 0 0.998884
0.397215 0 0.998885
0.397022 0 0.998886
0.396828 0 0.998887
0.396635 0 0.998888
0.396442 0 0.998895
0.396248 0 0.998896
0.396055 0 0.998897
0.395862 0 0.998898
0.395668 0 0.998901
0.395281 0 0.998902
0.395088 0 0.998908
0.394895 0 0.998909
0.394508 0 0.998912
0.394121 0 0.998916
0.393928 0 0.998923
0.393734 0 0.998924
0.393541 0 0.998926
0.393348 0 0.998928
0.392961 0 0.998932
0.392767 0 0.998933
0.392574 0 0.998938
0.392187 0 0.998941
0.391994 0 0.998942
0.3918 0 0.998944
0.391607 0 0.998946
0.391414 0 0.99895
0.39122 0 0.998952
0.391027 0 0.998954
0.390833 0 0.998955
0.39064 0 0.998958
0.390447 0 0.998965
0.390253 0 0.998967
0.39006 0 0.998976
0.389867 0 0.998977
0.38948 0 0.998984
0.389286 0 0.998985
0.389093 0 0.998987
0.3889 0 0.99899
0.388706 0 0.998991
0.388513 0 0.998992
0.388319 0 0.998993
0.388126 0 0.998996
0.387933 0 0.998997
0.387739 0 0.998999
0.387546 0 0.999
0.387353 0 0.999002
0.386772 0 0.999007
0.386579 0 0.999009
0.386386 0 0.999011
0.386192 0 0.999012
0.385999 0 0.999013
0.385805 0 0.999015
0.385612 0 0.999017
0.385419 0 0.999022
0.385225 0 0.999023
0.385032 0 0.999025
0.384839 0 0.999028
0.384645 0 0.99903
0.384452 0 0.999034
0.384258 0 0.999038
0.384065 0 0.999041
0.383872 0 0.999043
0.383678 0 0.999045
0.383485 0 0.999046
0.383098 0 0.999047
0.382905 0 0.999051
0.382518 0 0.999052
0.382325 0 0.999053
0.382131 0 0.999056
0.381938 0 0.999057
0.381744 0 0.99906
0.381551 0 0.999061
0.381358 0 0.999062
0.381164 0 0.999063
0.380971 0 0.999064
0.380777 0 0.999068
0.380391 0 0.999069
0.380197 0 0.99907
0.37981 0 0.999072
0.37923 0 0.999073
0.379037 0 0.999075
0.37865 0 0.999076
0.378457 0 0.999077
0.378263 0 0.999078
0.37807 0 0.999079
0.377877 0 0.99908
0.377683 0 0.999084
0.37749 0 0.999086
0.377103 0 0.999088
0.376716 0 0.999089
0.37633 0 0.999095
0.376136 0 0.9991
0.375749 0 0.999101
0.375363 0 0.999102
0.374976 0 0.999103
0.374782 0 0.999105
0.374396 0 0.999108
0.373816 0 0.99911
0.373429 0 0.999111
0.373235 0 0.999119
0.373042 0 0.99912
0.372655 0 0.999122
0.372462 0 0.999133
0.372075 0 0.999134
0.371882 0 0.999135
0.371688 0 0.999137
0.371301 0 0.999138
0.371108 0 0.999141
0.370915 0 0.999142
0.370528 0 0.999144
0.370335 0 0.999146
0.370141 0 0.999149
0.369948 0 0.999151
0.369561 0 0.999161
0.369368 0 0.999162
0.368981 0 0.999163
0.368787 0 0.999164
0.368594 0 0.99917
0.368401 0 0.999174
0.368207 0 0.999175
0.367821 0 0.999177
0.367627 0 0.999179
0.367434 0 0.999181
0.36724 0 0.999183
0.367047 0 0.999186
0.366854 0 0.999191
0.36666 0 0.999194
0.366467 0 0.999201
0.366273 0 0.999202
0.365887 0 0.999206
0.3655 0 0.999208
0.365307 0 0.99921
0.365113 0 0.999211
0.364726 0 0.999212
0.364533 0 0.999216
0.364146 0 0.999217
0.363953 0 0.999218
0.363759 0 0.99922
0.363373 0 0.999223
0.362986 0 0.999225
0.362792 0 0.999229
0.362599 0 0.99923
0.362406 0 0.999232
0.362212 0 0.999233
0.362019 0 0.999236
0.361826 0 0.999237
0.361632 0 0.999239
0.361439 0 0.99924
0.361052 0 0.999244
0.360859 0 0.999245
0.360665 0 0.999249
0.360472 0 0.99925
0.360278 0 0.999253
0.360085 0 0.999254
0.359892 0 0.999255
0.359505 0 0.999257
0.359312 0 0.999258
0.359118 0 0.99926
0.358925 0 0.999264
0.358538 0 0.999266
0.358345 0 0.999267
0.358151 0 0.999269
0.357764 0 0.99927
0.356991 0 0.999274
0.356798 0 0.999275
0.356411 0 0.999276
0.356217 0 0.999277
0.356024 0 0.999279
0.355831 0 0.999287
0.355637 0 0.99929
0.355444 0 0.999292
0.35525 0 0.999296
0.354864 0 0.999297
0.35467 0 0.999302
0.354477 0 0.999303
0.354284 0 0.999304
0.353897 0 0.999305
0.353703 0 0.999307
0.353317 0 0.99931
0.353123 0 0.999312
0.35293 0 0.99932
0.352736 0 0.999322
0.35235 0 0.999324
0.351963 0 0.999327
0.351769 0 0.999329
0.351576 0 0.999331
0.351189 0 0.999334
0.350803 0 0.999335
0.350416 0 0.999336
0.350222 0 0.999338
0.349836 0 0.999339
0.349642 0 0.999343
0.349449 0 0.999344
0.349255 0 0.999345
0.349062 0 0.999346
0.348675 0 0.99935
0.348482 0 0.999351
0.348095 0 0.999352
0.347902 0 0.999354
0.347708 0 0.999357
0.347515 0 0.999362
0.347322 0 0.999365
0.347128 0 0.999367
0.346741 0 0.999368
0.346548 0 0.99937
0.346355 0 0.999371
0.346161 0 0.999373
0.345968 0 0.999376
0.345775 0 0.999377
0.345581 0 0.999378
0.345388 0 0.999379
0.345001 0 0.999384
0.344614 0 0.999385
0.344034 0 0.999388
0.343841 0 0.999389
0.343647 0 0.99939
0.343454 0 0.999391
0.343067 0 0.999392
0.342874 0 0.999393
0.34268 0 0.999394
0.342487 0 0.999396
0.3421 0 0.999398
0.341907 0 0.999399
0.341713 0 0.9994
0.34152 0 0.999401
0.340746 0 0.999402
0.34036 0 0.999403
0.340166 0 0.999404
0.33978 0 0.999406
0.338619 0 0.999407
0.338426 0 0.999408
0.338232 0 0.99941
0.338039 0 0.999411
0.337652 0 0.999412
0.337266 0 0.999413
0.337072 0 0.999414
0.336879 0 0.999418
0.336492 0 0.99942
0.335718 0 0.999421
0.335332 0 0.999423
0.334945 0 0.999424
0.334751 0 0.999425
0.334365 0 0.999429
0.333978 0 0.999431
0.333785 0 0.999433
0.333398 0 0.999439
0.333011 0 0.99944
0.332624 0 0.999441
0.332431 0 0.999443
0.332044 0 0.999444
0.331851 0 0.999445
0.331657 0 0.999446
0.331271 0 0.999447
0.331077 0 0.999448
0.330884 0 0.999449
0.330497 0 0.99945
0.330304 0 0.999452
0.33011 0 0.999457
0.329723 0 0.999458
0.32953 0 0.99946
0.329337 0 0.999462
0.32895 0 0.999463
0.328757 0 0.999465
0.328563 0 0.999467
0.32837 0 0.999469
0.327983 0 0.99947
0.32779 0 0.999471
0.327403 0 0.999472
0.327209 0 0.999473
0.326823 0 0.999474
0.326436 0 0.999475
0.326243 0 0.999476
0.325662 0 0.999477
0.325082 0 0.999478
0.324695 0 0.999479
0.324309 0 0.99948
0.323922 0 0.999481
0.323728 0 0.999482
0.323535 0 0.999484
0.323148 0 0.999487
0.322955 0 0.999488
0.322568 0 0.999495
0.322375 0 0.999497
0.322181 0 0.999498
0.321988 0 0.999499
0.321795 0 0.999501
0.321601 0 0.999502
0.321214 0 0.999503
0.321021 0 0.999504
0.320634 0 0.999506
0.320054 0 0.999508
0.319667 0 0.99951
0.319474 0 0.999511
0.318894 0 0.999513
0.3187 0 0.999515
0.318507 0 0.999517
0.317734 0 0.999518
0.317153 0 0.999521
0.31696 0 0.999524
0.316573 0 0.999526
0.316186 0 0.99953
0.3158 0 0.999531
0.315413 0 0.999532
0.315026 0 0.999533
0.314833 0 0.999534
0.314639 0 0.999536
0.313866 0 0.999537
0.313672 0 0.999538
0.313479 0 0.999539
0.313092 0 0.99954
0.312512 0 0.999542
0.312125 0 0.999543
0.311932 0 0.999546
0.311739 0 0.999547
0.311545 0 0.999548
0.311352 0 0.999549
0.311158 0 0.99955
0.310965 0 0.999551
0.310578 0 0.999552
0.310385 0 0.999553
0.310191 0 0.999554
0.309805 0 0.999555
0.309611 0 0.999556
0.309225 0 0.999557
0.309031 0 0.999558
0.308258 0 0.99956
0.307677 0 0.999562
0.307484 0 0.999563
0.307291 0 0.999564
0.306904 0 0.999565
0.306711 0 0.999566
0.306324 0 0.999567
0.30613 0 0.999569
0.305937 0 0.99957
0.305744 0 0.999572
0.30555 0 0.999573
0.305357 0 0.999575
0.304777 0 0.999577
0.30439 0 0.999578
0.304003 0 0.999579
0.303616 0 0.99958
0.303423 0 0.999581
0.303036 0 0.999582
0.302456 0 0.999583
0.302069 0 0.999584
0.301682 0 0.999586
0.301489 0 0.999587
0.301102 0 0.999591
0.300909 0 0.999592
0.300522 0 0.999593
0.300329 0 0.999594
0.299362 0 0.999595
0.298588 0 0.999597
0.298395 0 0.999598
0.298202 0 0.999599
0.297621 0 0.9996
0.297235 0 0.999601
0.297041 0 0.999603
0.296654 0 0.999604
0.296461 0 0.999605
0.295881 0 0.999606
0.295687 0 0.999607
0.295494 0 0.99961
0.294721 0 0.999611
0.294527 0 0.999613
0.293947 0 0.999615
0.293367 0 0.999617
0.292593 0 0.99962
0.2924 0 0.999623
0.292207 0 0.999624
0.291626 0 0.999625
0.290659 0 0.999626
0.290273 0 0.999629
0.289886 0 0.999632
0.289499 0 0.999633
0.289306 0 0.999634
0.288532 0 0.999636
0.288339 0 0.999637
0.287952 0 0.999638
0.287759 0 0.999639
0.287178 0 0.99964
0.286985 0 0.999642
0.286792 0 0.999643
0.286598 0 0.999644
0.286212 0 0.999645
0.285438 0 0.999646
0.285051 0 0.999647
0.284664 0 0.999652
0.284471 0 0.999653
0.283891 0 0.999655
0.283311 0 0.999656
0.283117 0 0.999657
0.282924 0 0.999658
0.282537 0 0.999659
0.282344 0 0.99966
0.28215 0 0.999661
0.281957 0 0.999662
0.28157 0 0.999663
0.281377 0 0.999664
0.281184 0 0.999665
0.280797 0 0.999666
0.28041 0 0.999667
0.280217 0 0.999668
0.27983 0 0.999669
0.279636 0 0.99967
0.279443 0 0.999672
0.279056 0 0.999673
0.27867 0 0.999674
0.277896 0 0.999675
0.277703 0 0.999676
0.277509 0 0.999677
0.277122 0 0.999678
0.276542 0 0.999679
0.276349 0 0.99968
0.275962 0 0.999681
0.275189 0 0.999682
0.274995 0 0.999683
0.274802 0 0.999684
0.274415 0 0.999685
0.274028 0 0.999686
0.273641 0 0.999687
0.273255 0 0.999688
0.272675 0 0.99969
0.272094 0 0.999691
0.271514 0 0.999694
0.271321 0 0.999695
0.271127 0 0.999696
0.270547 0 0.999698
0.270161 0 0.999699
0.269774 0 0.9997
0.26958 0 0.999701
0.269387 0 0.999704
0.269194 0 0.999705
0.268613 0 0.999706
0.268033 0 0.999707
0.267646 0 0.999708
0.267453 0 0.999709
0.26726 0 0.99971
0.267066 0 0.999711
0.266873 0 0.999712
0.266486 0 0.999713
0.265906 0 0.999715
0.265713 0 0.999716
0.265519 0 0.999717
0.265326 0 0.999718
0.264746 0 0.99972
0.264552 0 0.999722
0.263585 0 0.999723
0.263005 0 0.999724
0.262425 0 0.999725
0.262232 0 0.999726
0.262038 0 0.999728
0.261845 0 0.999729
0.261458 0 0.99973
0.261265 0 0.999731
0.260685 0 0.999733
0.260491 0 0.999734
0.259911 0 0.999735
0.259331 0 0.999736
0.258944 0 0.999737
0.258557 0 0.999738
0.258364 0 0.999739
0.257784 0 0.99974
0.257204 0 0.999741
0.256817 0 0.999742
0.256237 0 0.999743
0.256043 0 0.999744
0.25585 0 0.999745
0.255463 0 0.999746
0.255076 0 0.999747
0.254883 0 0.999748
0.25469 0 0.999749
0.254303 0 0.99975
0.254109 0 0.999751
0.253723 0 0.999752
0.253336 0 0.999753
0.253143 0 0.999754
0.252756 0 0.999755
0.251789 0 0.999756
0.251402 0 0.999758
0.251209 0 0.99976
0.250435 0 0.999761
0.249468 0 0.999762
0.249275 0 0.999763
0.249081 0 0.999766
0.248695 0 0.999767
0.247728 0 0.999768
0.246954 0 0.99977
0.246374 0 0.999771
0.246181 0 0.999772
0.245794 0 0.999773
0.245214 0 0.999774
0.24502 0 0.999775
0.24444 0 0.999776
0.24386 0 0.999777
0.24328 0 0.999778
0.242893 0 0.999779
0.242506 0 0.99978
0.242313 0 0.999781
0.241733 0 0.999782
0.240766 0 0.999783
0.240379 0 0.999784
0.239992 0 0.999785
0.239219 0 0.999786
0.239025 0 0.999787
0.238252 0 0.999788
0.238058 0 0.999789
0.237865 0 0.99979
0.237285 0 0.999791
0.236511 0 0.999792
0.235931 0 0.999793
0.235738 0 0.999794
0.235351 0 0.999795
0.234577 0 0.999796
0.233804 0 0.999797
0.23303 0 0.999798
0.23245 0 0.999799
0.23187 0 0.9998
0.231483 0 0.999801
0.230903 0 0.999802
0.229936 0 0.999803
0.229743 0 0.999804
0.229549 0 0.999805
0.228969 0 0.999806
0.228582 0 0.999807
0.228389 0 0.999808
0.228196 0 0.999809
0.227616 0 0.99981
0.226649 0 0.999811
0.226455 0 0.999812
0.225682 0 0.999813
0.225295 0 0.999814
0.224908 0 0.999815
0.223941 0 0.999816
0.223748 0 0.999817
0.223361 0 0.999818
0.223168 0 0.999819
0.222201 0 0.99982
0.221814 0 0.999821
0.22104 0 0.999822
0.22046 0 0.999823
0.2193 0 0.999824
0.21872 0 0.999825
0.218526 0 0.999826
0.217946 0 0.999827
0.217559 0 0.999828
0.216399 0 0.999829
0.216012 0 0.99983
0.214465 0 0.999831
0.213498 0 0.999832
0.212918 0 0.999833
0.211758 0 0.999834
0.211178 0 0.999835
0.210404 0 0.999836
0.209824 0 0.999837
0.209244 0 0.999838
0.20847 0 0.999839
0.20731 0 0.99984
0.20673 0 0.999841
0.20615 0 0.999842
0.205763 0 0.999843
0.20557 0 0.999844
0.204603 0 0.999845
0.204022 0 0.999846
0.202475 0 0.999847
0.202282 0 0.999848
0.201315 0 0.999849
0.200928 0 0.99985
0.200541 0 0.999851
0.199575 0 0.999852
0.198994 0 0.999853
0.198414 0 0.999854
0.198221 0 0.999855
0.198027 0 0.999856
0.197254 0 0.999857
0.196867 0 0.999858
0.195707 0 0.999859
0.19532 0 0.99986
0.19416 0 0.999861
0.19358 0 0.999862
0.193386 0 0.999863
0.192806 0 0.999864
0.192226 0 0.999865
0.191452 0 0.999866
0.191066 0 0.999867
0.189905 0 0.999868
0.189712 0 0.999869
0.188358 0 0.99987
0.187971 0 0.999871
0.187198 0 0.999872
0.186038 0 0.999873
0.185264 0 0.999874
0.184684 0 0.999875
0.184104 0 0.999876
0.183717 0 0.999877
0.18333 0 0.999878
0.182363 0 0.999879
0.18159 0 0.99988
0.180236 0 0.999881
0.179269 0 0.999882
0.178495 0 0.999883
0.177915 0 0.999884
0.177335 0 0.999885
0.176755 0 0.999886
0.176562 0 0.999887
0.175788 0 0.999888
0.174628 0 0.999889
0.173661 0 0.99989
0.173274 0 0.999891
0.173081 0 0.999892
0.172694 0 0.999893
0.171534 0 0.999894
0.17018 0 0.999895
0.16902 0 0.999896
0.168246 0 0.999897
0.166892 0 0.999898
0.166312 0 0.999899
0.165732 0 0.9999
0.164958 0 0.999901
0.164185 0 0.999902
0.163218 0 0.999903
0.162251 0 0.999904
0.161284 0 0.999905
0.160511 0 0.999906
0.158963 0 0.999907
0.15819 0 0.999908
0.157416 0 0.999909
0.156836 0 0.99991
0.155869 0 0.999911
0.155482 0 0.999912
0.154129 0 0.999913
0.153549 0 0.999914
0.152968 0 0.999915
0.152002 0 0.999916
0.151615 0 0.999917
0.150648 0 0.999918
0.148907 0 0.999919
0.147747 0 0.99992
0.14678 0 0.999921
0.14562 0 0.999922
0.144459 0 0.999923
0.143493 0 0.999924
0.142139 0 0.999925
0.140979 0 0.999926
0.139431 0 0.999927
0.137884 0 0.999928
0.136724 0 0.999929
0.135757 0 0.99993
0.135177 0 0.999931
0.134017 0 0.999932
0.132856 0 0.999933
0.130922 0 0.999934
0.128989 0 0.999935
0.127442 0 0.999936
0.125314 0 0.999937
0.124734 0 0.999938
0.1228 0 0.999939
0.120866 0 0.99994
0.120286 0 0.999941
0.118546 0 0.999942
0.117772 0 0.999943
0.115258 0 0.999944
0.113904 0 0.999945
0.112551 0 0.999946
0.110617 0 0.999947
0.108876 0 0.999948
0.107329 0 0.999949
0.105202 0 0.99995
0.102495 0 0.999951
0.101528 0 0.999952
0.100367 0 0.999953
0.0984336 0 0.999954
0.0961129 0 0.999955
0.0943725 0 0.999956
0.0930188 0 0.999957
0.0910849 0 0.999958
0.0897312 0 0.999959
0.0885709 0 0.99996
0.0870238 0 0.999961
0.0850899 0 0.999962
0.0839296 0 0.999963
0.0831561 0 0.999964
0.0812222 0 0.999965
0.0798685 0 0.999966
0.0783214 0 0.999967
0.0760008 0 0.999968
0.0746471 0 0.999969
0.0731 0 0.99997
0.0713595 0 0.999971
0.0698124 0 0.999972
0.0672984 0 0.999973
0.0657513 0 0.999974
0.0624637 0 0.999975
0.0607233 0 0.999976
0.0574357 0 0.999977
0.0555018 0 0.999978
0.0545349 0 0.999979
0.052601 0 0.99998
0.0506672 0 0.999981
0.0483465 0 0.999982
0.0462193 0 0.999983
0.0429317 0 0.999984
0.0411913 0 0.999985
0.0369368 0 0.999986
0.0350029 0 0.999987
0.0332624 0 0.999988
0.0315219 0 0.999989
0.0301682 0 0.99999
0.0276542 0 0.999991
0.0239799 0 0.999992
0.0208857 0 0.999993
0.0179849 0 0.999994
0.0158577 0 0.999995
0.0121833 0 0.999996
0.00947592 0 0.999997
0.00638174 0 0.999998
0.00309418 0 0.999999
0.000580159 0 1
0 0 1.79769e+308
